# List of prime numbers


------------------------------------------
     2  3  5 7               4
  11   13   17   19          4
       23        29          2
  31        37               2
  41   43   47               3
       53        59          2
  61        67               2
  71   73        79          3
       83        89          2
            97               1
------------------------------------------
   5  + 7 +  6 +  5 =       25 (1-100)
------------------------------------------
 101  103  107  109          4
      113                    1
           127               1
 131       137  139          3
                149          1
 151       157               2
 163       167               2
 173            179          2
 181                         1
 191  193  197  199          4
------------------------------------------
   7 +  3 +  6 +  5 =       21 (100-200)
------------------------------------------
                             0
 211                         1
      223  227  229          3
      233       239          2
 241                         1
 251       257               2
      263       269          2
 271       277               2
 281  283                    2
      293                    1
------------------------------------------
   5    5    3    3 =       16 (200-300)
------------------------------------------
           307               1
 311  313  317               3
                             0
 331       337               2
           347  349          2
      353       359          2
           367               1
      373       379          2
      383       389          2
           397               1
------------------------------------------
   2    4    6    4  =      16 (300-400)
------------------------------------------
 401            409          2
                419          2
 421                         2
 431  433       439          2
      443       449          2
           457               2
 461  463  467               2
                479          2
           487               2
 491            499          2
------------------------------------------
   5    3    3    6         17 (400-500)
------------------------------------------
      503       509
 521  523          
 541       547     
           557     
      563       569
 571       577     
           587     
      593       599
------------------------------------------
------------------------------------------
 601       607     
      613  617  619
 631               
 641  643  647     
      653       659
 661               
      673  677     
      683          
 691               
------------------------------------------
------------------------------------------
 701            709
                719
           727     
      733       739
      743          
 751       757     
 761            769
      773          
           787     
           797     
------------------------------------------
------------------------------------------
                809
 811               
 821  823  827  829
                839
 853       857  859
      863          
           877     
 881  883  887     
------------------------------------------
------------------------------------------
           907     
 911            919
                929
           937     
 941               
------------------------------------------
------------------------------------------
