# List of prime numbers - delta

                                                   4 ★★★★ (2 3 5 7)
-------------------------------------------------------------------------------
nr units|        1∙|       3∙|       7∙|       9∙| Σ
-------------------------------------------------------------------------------
     10 |       11 |      13 |      17 |      19 | 4 ★★★★
     20 |          |      23 |         |      29 | 2 ★★
     30 |       31 |         |      37 |         | 2 ★★
     40 |       41 |      43 |      47 |         | 3 ★★★
     50 |          |      53 |         |      59 | 2 ★★
     60 |       61 |         |      67 |         | 2 ★★
     70 |       71 |      73 |         |      79 | 3 ★★★
     80 |          |      83 |         |      89 | 2 ★★
     90 |          |         |      97 |         | 1 ★
-------------------------------------------------------------------------------
    100 |      101 |     103 |     107 |     109 | 4 ★★★★
    110 |          |     113 |         |         | 
    120 |          |         |     127 |         | 
    130 |      131 |         |     137 |     139 | 
    140 |          |         |         |         | 
    150 |          |         |         |         | 
    160 |          |         |         |         | 
    170 |          |         |         |         | 
    180 |          |         |         |         | 
    190 |          |         |         |         | 
-------------------------------------------------------------------------------
    200 |          |         |         |         | 



n| 1 2 3 4| 5  6  7  8| 9 10|11 12|13 14 15|16 17|18 19|20 21 22|23|24
x| 2 3 6 7| b  d 11 13|17 1d|1f
ℙ| 2 3 5 7|11 13 17 19|23 29|31 37|41 43 47|53 59|61 67|71 73 79|83|97
Δ| 0 1 3 1| 4  2  4  2| 4  6| 2  6| 4  2  4| 6  6|2   6| 4 2   6| 4|14



    | 73    | 79
    | 83    | 89
        | 97
|101|103|107|109
    |113
        |127
|131    |137|139
            |149
|151    |157
|163    |167
|173        |179
|181
|191|193|197|199
|211
    |223|227|229
    |233    |239
|241
|251    |257
|263        |269
|271    |277
|281|283
    |293
        |307
|311|313|317
|331    |337
|347        |349
    |353    |359
        |367
    |373    |379
    |383    |389
        |397
|401        |409
            |419
|421
|431|433    |439
    |443    |449
        |457
|461|463|467
            |479
        |487
|491        |499
    |503    |509
|521|523
|541    |547
        |557
    |563    |569
|571    |577
        |587
    |593    |599
|601    |607
    |613|617|619
|631
|641|643|647
    |653    |659
|661
    |673|677
    |683
|691
|701        |709
            |719
        |727
    |733    |739
    |743
|751    |757
|761        |769
    |773
        |787
        |797
            |809
|811
|821|823|827|829
            |839
|853    |857|859
    |863
        |877
|881|883|887
        |907
|911        |919
            |929
        |937
|941
